dataset 1a
AA [1911828975, 2004081377, 2177871151, 2242454811, 1865292775, 1831938224, 1817790262, 2065558798, 1984485516, 1831575934]
AB [669616024, 861919003, 805737907, 669489673, 647561216, 670178167, 669769592, 738369221, 638190907, 635594892]
BA [1153321042, 1350642838, 1427264474, 1102972619, 1086594685, 1181795802, 1137424994, 1274999582, 1205112068, 1077685740]
BB [1074703045, 1376270244, 1446886129, 1008206682, 964964655, 1009305493, 1169418394, 1135048349, 1020238911, 967767943]
AA 1973287782.3
AB 700642660.2
BA 1199781384.4
BB 1117280984.5


dataset1b
AA [2127363343, 1920928913, 1867369399, 1865204865, 1940208890, 2139613473, 2108692141, 1955083885, 2236209165, 1975584976]
AB [688289548, 661981118, 652091055, 670786118, 848200373, 726911257, 677220831, 704980778, 680128754, 796220813]
BA [1240933897, 1115408465, 1127343139, 1134557217, 1231382907, 1356795050, 1229196859, 1168815219, 1371587356, 1581318161]
BB [1094989711, 1033921248, 1056074029, 1039128286, 1426383979, 1200780613, 1087471040, 1333852771, 1302830660, 1413093596]
AA 2013625905.0
AB 710681064.5
BA 1255733827.0
BB 1198852593.3


dataset 1c
AA [53754712, 18264489, 17295925, 17823299, 16579979, 17654423, 17093105, 18067885, 17188578, 17840760]
AB [8979675, 6511613, 6112468, 5883457, 5925502, 6568534, 10007744, 6697181, 6136144, 6291333]
BA [25928907, 10885932, 10323079, 10244228, 10315745, 10707347, 12110116, 10658388, 10372248, 10451657]
BB [12290936, 10093929, 9613139, 9347112, 9687590, 9654276, 15164499, 9486167, 9359684, 9660840]
AA 21156315.5
AB 6911365.1
BA 12199764.7
BB 10435817.2

dataset 1d
AA [52976676, 17925477, 17831331, 17086749, 17340973, 16967111, 17238515, 16899016, 17388744, 17470948]
AB [14133078, 6113725, 6573841, 5659894, 5873610, 6108487, 5551850, 5924314, 5873330, 5497512]
BA [28584145, 10702598, 9837191, 10000620, 10144913, 10130176, 10319237, 10039661, 10077585, 9770283]
BB [9741089, 9625641, 8953345, 9019764, 8947828, 9233899, 9204076, 9118031, 9037015, 8836849]
AA 20912554.0
AB 6730964.1
BA 11960640.9
BB 9171753.7
